robot_init_pose: [1.3, 0.0, 0]
sum_reward: 9.32821604265945
mean_dist: 1.4194392701308312
std_dist: 0.12906821165804727
mean_angle: -0.6139903419323808
std_angle: 0.5517360238736466

