robot_init_pose: [1.3, 0.0, 0]
sum_reward: 27.961650955761552
mean_dist: 1.2567043283284525
std_dist: 0.07886794441214373
mean_angle: -0.10519971366898559
std_angle: 0.16389035380436298

