robot_init_pose: [1.3, 0.0, 0]
sum_reward: 18.593010146967547
mean_dist: 1.3083253367211733
std_dist: 0.14583664029441168
mean_angle: -0.3651132191516317
std_angle: 0.38451063249791645

