robot_init_pose: [1.3, 0.0, 0]
sum_reward: 8.808808673417051
mean_dist: 1.4811225065940323
std_dist: 0.1445924936525133
mean_angle: -0.6274036386897326
std_angle: 0.7052634105783993

