robot_init_pose: [1.3, 0.0, 0]
sum_reward: 4.245024930740854
mean_dist: 1.5004936160988134
std_dist: 0.14220441077472254
mean_angle: -0.7299332658921841
std_angle: 0.6383432219951384

