robot_init_pose: [1.3, 0.0, 0]
sum_reward: 13.309516612975193
mean_dist: 1.348618811415777
std_dist: 0.14595533271853117
mean_angle: -0.5129822198530368
std_angle: 0.358283499103759

