robot_init_pose: [1.3, 0.0, 0]
sum_reward: 6.3967839264404915
mean_dist: 1.370903241479644
std_dist: 0.2137284838351265
mean_angle: -0.6559672446325278
std_angle: 0.4996991005131273

