robot_init_pose: [1.3, 0.0, 0]
sum_reward: 8.429938265637945
mean_dist: 1.5089290460983549
std_dist: 0.12671284037721986
mean_angle: -0.6408537174967588
std_angle: 0.7200614314168232

